0 34 indonesia34 poly_id
1 31       0.0260001546
1 33        0.114315371
1 25       0.0264499519
2 34       0.0450950537
2 11       0.0391297208
2 12        0.161938358
2 22        0.175076467
2 14       0.0345914061
3 8       0.0707471323
3 4       0.0615278659
3 10       0.0474407009
3 11       0.0274681321
3 32        0.159116281
3 31       0.0252184241
3 19        0.118449523
3 5         0.05273449
3 9       0.0655139319
3 25        0.031969923
3 18       0.0594811215
3 13       0.0378429206
4 34       0.0478543972
4 8         1.68572639
4 10        0.407979944
4 11       0.0575005178
4 32       0.0701562892
4 19        0.282434711
4 3       0.0615278659
4 5       0.0443343487
4 9       0.0293193713
5 8       0.0368693233
5 4       0.0443343487
5 10       0.0256752852
5 32         0.29026492
5 31       0.0924084081
5 19        0.110812615
5 3         0.05273449
5 9        0.277343843
5 25       0.0595039528
5 18       0.0285557091
6 29       0.0427495241
6 28        0.236772147
6 27       0.0414026668
6 26        0.052291608
6 30        0.201476295
6 20       0.0371879086
6 16          0.0285844
7 21       0.0590640241
7 24       0.0251435696
7 20       0.0294058522
8 34       0.0627756901
8 4         1.68572639
8 10         0.89971929
8 11       0.0802900737
8 12       0.0269418017
8 32       0.0625157826
8 19        0.203361481
8 3       0.0707471323
8 5       0.0368693233
8 9       0.0269039758
9 8       0.0269039758
9 4       0.0293193713
9 32        0.227218718
9 31        0.172243943
9 19       0.0638173893
9 3       0.0655139319
9 5        0.277343843
9 33        0.035042372
9 25        0.175749048
9 18       0.0571469729
10 34         0.11065701
10 8         0.89971929
10 4        0.407979944
10 11         0.14579283
10 12       0.0370930341
10 32       0.0392046463
10 19       0.0938034982
10 3       0.0474407009
10 5       0.0256752852
11 34         2.14613481
11 8       0.0802900737
11 4       0.0575005178
11 10         0.14579283
11 12        0.150829304
11 2       0.0391297208
11 19       0.0309845222
11 3       0.0274681321
12 34        0.190100702
12 8       0.0269418017
12 10       0.0370930341
12 11        0.150829304
12 2        0.161938358
12 22       0.0423743164
12 14       0.0338369265
12 15       0.0263871788
13 14       0.0368830397
13 15        0.132145689
13 3       0.0378429206
13 18       0.0286540564
13 16        0.034662816
13 17       0.0284919485
14 12       0.0338369265
14 2       0.0345914061
14 22       0.0280268234
14 28       0.0268176358
14 27       0.0436322823
14 26       0.0643669866
14 15        0.165723035
14 13       0.0368830397
14 16       0.0765691505
14 17       0.0281362093
15 12       0.0263871788
15 26        0.027920614
15 14        0.165723035
15 13        0.132145689
15 16       0.0738386537
15 17       0.0353963548
16 28       0.0406020238
16 27       0.0321405267
16 26       0.0594547343
16 14       0.0765691505
16 15       0.0738386537
16 13        0.034662816
16 6          0.0285844
16 17        0.166005177
17 26       0.0260031058
17 14       0.0281362093
17 15       0.0353963548
17 13       0.0284919485
17 16        0.166005177
18 32       0.0420895809
18 31        0.033119716
18 3       0.0594811215
18 5       0.0285557091
18 9       0.0571469729
18 25       0.0710136923
18 13       0.0286540564
19 34       0.0261286244
19 8        0.203361481
19 4        0.282434711
19 10       0.0938034982
19 11       0.0309845222
19 32         0.27577295
19 31       0.0268337541
19 3        0.118449523
19 5        0.110812615
19 9       0.0638173893
19 25       0.0251509078
20 21       0.0335689762
20 7       0.0294058522
20 30       0.0981059378
20 6       0.0371879086
21 7       0.0590640241
21 20       0.0335689762
22 12       0.0423743164
22 2        0.175076467
22 23       0.0449651336
22 27       0.0321972619
22 14       0.0280268234
23 22       0.0449651336
23 29       0.0381507966
23 27          0.0286654
24 7       0.0251435696
25 32        0.051466456
25 31        0.272058283
25 19       0.0251509078
25 3        0.031969923
25 5       0.0595039528
25 9        0.175749048
25 33       0.0961821076
25 18       0.0710136923
25 1       0.0264499519
26 29        0.096648571
26 28        0.178320953
26 27        0.446725349
26 14       0.0643669866
26 15        0.027920614
26 6        0.052291608
26 16       0.0594547343
26 17       0.0260031058
27 22       0.0321972619
27 23          0.0286654
27 29        0.259932345
27 28        0.119410446
27 26        0.446725349
27 14       0.0436322823
27 6       0.0414026668
27 16       0.0321405267
28 29       0.0942082796
28 27        0.119410446
28 26        0.178320953
28 14       0.0268176358
28 30        0.061829208
28 6        0.236772147
28 16       0.0406020238
29 23       0.0381507966
29 28       0.0942082796
29 27        0.259932345
29 26        0.096648571
29 30       0.0284111358
29 6       0.0427495241
30 29       0.0284111358
30 28        0.061829208
30 20       0.0981059378
30 6        0.201476295
31 32       0.0518447413
31 19       0.0268337541
31 3       0.0252184241
31 5       0.0924084081
31 9        0.172243943
31 33        0.088666688
31 25        0.272058283
31 18        0.033119716
31 1       0.0260001546
32 8       0.0625157826
32 4       0.0701562892
32 10       0.0392046463
32 31       0.0518447413
32 19         0.27577295
32 3        0.159116281
32 5         0.29026492
32 9        0.227218718
32 25        0.051466456
32 18       0.0420895809
33 31        0.088666688
33 9        0.035042372
33 25       0.0961821076
33 1        0.114315371
34 8       0.0627756901
34 4       0.0478543972
34 10         0.11065701
34 11         2.14613481
34 12        0.190100702
34 2       0.0450950537
34 19       0.0261286244
