0 34 indonesia34 poly_id
1 5         9.49132614
1 9         8.29651121
1 18         8.94549891
1 33         2.95765616
1 25         6.14876021
1 31         6.20171829
2 27         6.86598911
2 11         5.05529641
2 14         5.37670108
2 12          2.4849928
2 22         2.38993513
2 34         4.70907433
3 18         4.10025084
3 9         3.90690785
3 4         4.03147596
3 19         2.90558338
3 32         2.50693279
3 8          3.7596341
4 11         4.17026951
4 19         1.88165918
4 3         4.03147596
4 10         1.56559921
4 8        0.770205219
4 32         3.77543237
5 3         4.35464368
5 19         3.00403783
5 25         4.09946414
5 32         1.85610578
5 9         1.89885034
5 31         3.28960881
6 20          5.1856013
6 26         4.37304556
6 27         4.91457358
6 30         2.22786065
6 28         2.05510821
6 29         4.83653526
7 29         11.0552921
7 6         10.8959937
7 30         9.02140197
7 24         6.30647289
7 21         4.11470291
7 20         5.83153807
8 34           3.991207
8 11          3.5291415
8 3          3.7596341
8 4        0.770205219
8 10         1.05425698
8 19         2.21751033
9 19         3.95849849
9 3         3.90690785
9 25         2.38535768
9 5         1.89885034
9 31         2.40950605
9 32         2.09786698
10 3         4.59118139
10 11          2.6189784
10 19         3.26505486
10 4         1.56559921
10 8         1.05425698
10 34         3.00614921
11 2         5.05529641
11 4         4.17026951
11 8          3.5291415
11 12         2.57488084
11 10          2.6189784
11 34        0.682608199
12 14         5.43631415
12 22         4.85790086
12 10         5.19222878
12 11         2.57488084
12 34         2.29354962
12 2          2.4849928
13 17         5.92432567
13 18         5.90754372
13 16         5.37115987
13 15         2.75089174
13 3         5.14052738
13 14         5.20698884
14 2         5.37670108
14 27         4.78735943
14 13         5.20698884
14 26         3.94156244
14 15         2.45645358
14 16         3.61387466
15 12         6.15606958
15 16         3.68008725
15 26         5.98463293
15 13         2.75089174
15 14         2.45645358
15 17          5.3152137
16 13         5.37115987
16 15         3.68008725
16 28         4.96279298
16 17          2.4543652
16 14         3.61387466
16 26         4.10116062
17 28         6.32441052
17 13         5.92432567
17 26         6.20136635
17 15          5.3152137
17 16          2.4543652
17 14         5.96166004
18 13         5.90754372
18 9         4.18314949
18 31         5.49486084
18 25          3.7525713
18 3         4.10025084
18 32         4.87430499
19 10         3.26505486
19 5         3.00403783
19 8         2.21751033
19 32         1.90425089
19 3         2.90558338
19 4         1.88165918
20 29          6.9753963
20 7         5.83153807
20 28         6.44701284
20 6          5.1856013
20 30         3.19265766
20 21         5.45796759
21 23         8.90323178
21 29         7.78938546
21 24         8.81168291
21 7         4.11470291
21 20         5.45796759
21 30         8.02364134
22 29         6.38900998
22 12         4.85790086
22 14          5.9732826
22 23         4.71587251
22 2         2.38993513
22 27         5.57301908
23 28         8.31377111
23 2         7.10440661
23 26           7.367787
23 27         5.90637473
23 22         4.71587251
23 29          5.1197434
24 23         17.1140459
24 20         12.1354686
24 29         16.5854084
24 7         6.30647289
24 21         8.81168291
24 30         15.3213322
25 32         4.40796227
25 18          3.7525713
25 5         4.09946414
25 9         2.38535768
25 33         3.22442927
25 31         1.91720708
26 6         4.37304556
26 29         3.21663869
26 16         4.10116062
26 27         1.49616573
26 28         2.36809331
26 14         3.94156244
27 22         5.57301908
27 29         1.96141656
27 6         4.91457358
27 26         1.49616573
27 28         2.89386881
27 14         4.78735943
28 16         4.96279298
28 29         3.25803288
28 30         4.02163969
28 26         2.36809331
28 27         2.89386881
28 6         2.05510821
29 30         5.93274527
29 28         3.25803288
29 23          5.1197434
29 26         3.21663869
29 27         1.96141656
29 6         4.83653526
30 27         6.60939166
30 26         6.38668271
30 29         5.93274527
30 6         2.22786065
30 20         3.19265766
30 28         4.02163969
31 18         5.49486084
31 32         4.39185147
31 33         3.35830207
31 5         3.28960881
31 25         1.91720708
31 9         2.40950605
32 8         3.99949505
32 3         2.50693279
32 4         3.77543237
32 5         1.85610578
32 9         2.09786698
32 19         1.90425089
33 5         6.62169933
33 9         5.34199224
33 18         6.40810626
33 1         2.95765616
33 25         3.22442927
33 31         3.35830207
34 2         4.70907433
34 4         4.57129317
34 8           3.991207
34 12         2.29354962
34 11        0.682608199
34 10         3.00614921
