0 75 "Nepal Aid" id
1 72         14.8110031
1 3         11.6028638
1 4          4.9469549
1 71         4.50513433
1 60         4.93933712
2 3         2.92636328
2 67         4.35341604
3 1         11.6028638
3 72         4.26803165
3 2         2.92636328
3 4         6.06585359
3 65         3.04728802
4 1          4.9469549
4 72         6.57692787
4 3         6.06585359
4 65          8.1875752
4 74         6.32099161
4 68         19.3760495
5 9          34.486839
5 20         5.77131167
5 7         88.8043624
5 11         3.87239506
5 10         10.1497723
5 6         3.25046716
5 8         19.1995974
5 12         6.86550692
6 64         6.12288095
6 5         3.25046716
6 9         3.14500585
6 20         4.05951462
6 7         4.96992207
6 11         3.82337905
6 10         12.7692818
7 5         88.8043624
7 9          27.746124
7 20         7.23075164
7 11         4.69691143
7 10         21.0655919
7 6         4.96992207
7 8         9.00369635
7 12         5.29943592
8 5         19.1995974
8 9         13.0215737
8 20         3.38302228
8 7         9.00369635
8 10         3.43264927
8 18         4.59905613
8 17          3.2744102
8 16         3.20922328
8 12         6.33577168
9 22         3.45443228
9 5          34.486839
9 19         3.85694427
9 20         13.5803068
9 7          27.746124
9 10         6.51923291
9 6         3.14500585
9 17         2.82032658
9 8         13.0215737
9 12         3.34069658
10 64          2.7724164
10 5         10.1497723
10 9         6.51923291
10 20         4.49234607
10 7         21.0655919
10 11         9.60052472
10 6         12.7692818
10 8         3.43264927
10 12         3.93382976
11 5         3.87239506
11 7         4.69691143
11 10         9.60052472
11 6         3.82337905
11 12         5.55409156
12 5         6.86550692
12 9         3.34069658
12 7         5.29943592
12 11         5.55409156
12 10         3.93382976
12 16          2.8355327
12 14         4.39609028
12 8         6.33577168
13 37         9.80600519
13 15         20.6791874
13 18          6.8074014
13 17         4.08906712
14 38         3.59643305
14 35         3.89741759
14 16         13.4264368
14 12         4.39609028
15 22         3.53330604
15 37          3.4396845
15 13         20.6791874
15 18         8.38397189
15 17         13.0983372
16 38         2.99529982
16 35         10.8494113
16 18         6.58692441
16 14         13.4264368
16 8         3.20922328
16 12          2.8355327
17 22         14.4178691
17 9         2.82032658
17 19         3.85423515
17 13         4.08906712
17 15         13.0983372
17 18         5.26121761
17 8          3.2744102
18 37         2.73543764
18 35         4.14072375
18 13          6.8074014
18 15         8.38397189
18 17         5.26121761
18 16         6.58692441
18 8         4.59905613
19 22         15.4004702
19 9         3.85694427
19 21         9.82614341
19 20         7.63826639
19 17         3.85423515
20 22         3.72873198
20 5         5.77131167
20 9         13.5803068
20 19         7.63826639
20 21         7.00147717
20 7         7.23075164
20 10         4.49234607
20 6         4.05951462
20 8         3.38302228
21 23         4.18928966
21 22         3.03689989
21 19         9.82614341
21 20         7.00147717
22 9         3.45443228
22 19         15.4004702
22 21         3.03689989
22 20         3.72873198
22 15         3.53330604
22 17         14.4178691
23 73         4.27272154
23 69         5.85342255
23 21         4.18928966
24 39         4.40175945
24 34         12.6448937
24 27         4.88999936
24 29         4.30607493
24 25          9.4641298
24 28         3.41786702
25 34          3.0552585
25 27         2.83825184
25 24          9.4641298
25 29         13.4662327
25 32         4.68679075
25 28         7.05766107
25 26         6.29726564
25 30         2.96127539
26 29         3.39667945
26 25         6.29726564
26 32         2.93286691
26 28         10.9621462
26 30         3.91185709
26 31         5.06469505
27 38           3.052068
27 33         3.38330392
27 24         4.88999936
27 29         3.90175975
27 25         2.83825184
28 39         3.30446841
28 36         5.48129526
28 24         3.41786702
28 25         7.05766107
28 26         10.9621462
29 33         3.88388045
29 27         3.90175975
29 24         4.30607493
29 25         13.4662327
29 32          18.859808
29 26         3.39667945
29 30         5.02576151
30 29         5.02576151
30 25         2.96127539
30 32         14.1836733
30 26         3.91185709
30 31         11.3476785
31 32         3.32986565
31 26         5.06469505
31 30         11.3476785
32 33         4.53915033
32 29          18.859808
32 25         4.68679075
32 26         2.93286691
32 30         14.1836733
32 31         3.32986565
33 27         3.38330392
33 29         3.88388045
33 32         4.53915033
34 39         12.2817211
34 38          3.3479734
34 36         3.06289036
34 24         12.6448937
34 25          3.0552585
34 35         6.18051968
35 39         3.98657765
35 38         4.23153249
35 34         6.18051968
35 37         2.89237861
35 18         4.14072375
35 16         10.8494113
35 14         3.89741759
36 39         10.2907451
36 34         3.06289036
36 28         5.48129526
36 37         5.40428988
37 39         7.17408911
37 36         5.40428988
37 35         2.89237861
37 13         9.80600519
37 15          3.4396845
37 18         2.73543764
38 34          3.3479734
38 27           3.052068
38 35         4.23153249
38 16         2.99529982
38 14         3.59643305
39 36         10.2907451
39 34         12.2817211
39 24         4.40175945
39 28         3.30446841
39 37         7.17408911
39 35         3.98657765
40 47          4.5757142
40 41         11.4017496
40 42         5.09159184
41 43         6.30557787
41 47         5.97755989
41 40         11.4017496
42 45         5.45246774
42 40         5.09159184
43 48         3.07422476
43 41         6.30557787
44 46         3.67261186
44 53         3.26847763
44 51         4.98182358
44 57         4.70294517
44 48         3.20221675
44 47         6.04805447
44 45         2.71151581
45 46         5.89692754
45 44         2.71151581
45 47          2.6961663
45 42         5.45246774
46 57         5.89322756
46 55          3.1042656
46 44         3.67261186
46 45         5.89692754
47 44         6.04805447
47 48         5.45284309
47 45          2.6961663
47 41         5.97755989
47 40          4.5757142
48 44         3.20221675
48 43         3.07422476
48 47         5.45284309
49 63         5.10688455
49 59         2.77036135
49 50         3.77170474
49 53         2.75725302
50 53         9.95307778
50 51         3.09172509
50 49         3.77170474
51 50         3.09172509
51 53         15.2409783
51 57         9.59987912
51 52         4.19338194
51 44         4.98182358
52 63         4.52989852
52 51         4.19338194
52 57         3.54302887
52 56         5.96607916
52 62          3.6613977
53 63         2.73854213
53 50         9.95307778
53 51         15.2409783
53 57         3.00086329
53 49         2.75725302
53 44         3.26847763
54 62         2.69477231
55 46          3.1042656
56 58         6.97422909
56 57         4.47055238
56 52         5.96607916
57 46         5.89322756
57 53         3.00086329
57 51         9.59987912
57 56         4.47055238
57 52         3.54302887
57 44         4.70294517
58 56         6.97422909
59 63         3.83562067
59 49         2.77036135
59 60         4.35449163
59 61         5.21296133
60 1         4.93933712
60 72         5.10445591
60 59         4.35449163
60 71         11.2638807
60 70         3.97823562
60 61         9.22035034
61 63         4.12830831
61 59         5.21296133
61 60         9.22035034
61 62          7.7637131
62 63         2.71235197
62 52          3.6613977
62 61          7.7637131
62 54         2.69477231
63 59         3.83562067
63 53         2.73854213
63 52         4.52989852
63 49         5.10688455
63 61         4.12830831
63 62         2.71235197
64 66         7.64557514
64 10          2.7724164
64 6         6.12288095
65 3         3.04728802
65 4          8.1875752
65 67         6.54740848
65 68          6.7039567
65 69         4.46118958
65 66         5.21646782
66 67         5.27709759
66 65         5.21646782
66 69         6.96955638
66 64         7.64557514
67 2         4.35341604
67 65         6.54740848
67 66         5.27709759
68 75         2.71242908
68 72         3.97522315
68 4         19.3760495
68 65          6.7039567
68 74         13.5531907
68 73         5.79564694
68 69         4.87640614
69 65         4.46118958
69 68         4.87640614
69 73         5.20236395
69 66         6.96955638
69 23         5.85342255
70 75         5.91129702
70 72         3.09374624
70 71          11.314183
70 60         3.97823562
71 75         4.84577647
71 1         4.50513433
71 72         11.6002957
71 74         3.28248482
71 70          11.314183
71 60         11.2638807
72 75         3.64542787
72 1         14.8110031
72 3         4.26803165
72 4         6.57692787
72 74         5.65705713
72 68         3.97522315
72 71         11.6002957
72 70         3.09374624
72 60         5.10445591
73 75         3.11441015
73 74         7.02516433
73 68         5.79564694
73 69         5.20236395
73 23         4.27272154
74 75         8.87160551
74 72         5.65705713
74 4         6.32099161
74 68         13.5531907
74 73         7.02516433
74 71         3.28248482
75 72         3.64542787
75 74         8.87160551
75 68         2.71242908
75 73         3.11441015
75 71         4.84577647
75 70         5.91129702
